27
0 0 0 0 1 11 G0
0 0 0 0 1 16 G1
0 0 0 0 1 9 G2
0 0 0 0 1 20 G3
2 1 10 1 14 0 
6 0 9 2 24 22 1 6 G10
10 0 0 1 5 1 7 G5
6 0 7 2 21 6 3 24 13 12 G11
10 0 0 1 13 1 15 G6
6 0 3 2 25 2 1 10 G13
10 0 0 1 9 1 16 G7
3 0 1 1 0 2 23 22 G14
2 0 8 1 7 1 14 
2 0 8 1 7 1 8 
3 0 9 1 12 1 4 G17
5 0 3 2 8 23 2 19 18 G8
6 0 1 2 10 1 2 26 25 G12
4 0 5 2 19 26 1 21 G15
2 0 4 1 15 1 20 
2 0 4 1 15 1 17 
4 0 5 2 18 3 1 21 G16
7 0 6 2 17 20 1 7 G9
2 0 2 1 11 1 5 
2 0 2 1 11 1 15 
2 0 8 1 7 1 5 
2 0 2 1 16 1 9 
2 0 2 1 16 1 17 
