0 0 0 0 1 11 G0
0 0 0 0 1 16 G1
0 0 0 0 1 9 G2
0 0 0 0 1 20 G3
10 0 0 1 5 1 7 G5
10 0 0 1 13 1 15 G6
10 0 0 1 9 1 16 G7
5 0 3 2 8 23 2 19 18 G8
7 0 6 2 17 20 1 7 G9
6 0 9 2 24 22 1 6 G10
6 0 7 2 21 6 3 24 13 12 G11
6 0 1 2 10 1 2 26 25 G12
6 0 3 2 25 2 1 10 G13
3 0 1 1 0 2 23 22 G14
4 0 5 2 19 26 1 21 G15
4 0 5 2 18 3 1 21 G16
3 0 9 1 12 1 4 G17
2 1 10 1 14 0 mybuf4
2 0 8 1 7 1 14 mybuf12
2 0 8 1 7 1 8 mybuf13
2 0 4 1 15 1 20 mybuf18
2 0 4 1 15 1 17 mybuf19
2 0 2 1 11 1 5 mybuf22
2 0 2 1 11 1 15 mybuf23
2 0 8 1 7 1 5 mybuf24
2 0 2 1 16 1 9 mybuf25
2 0 2 1 16 1 17 mybuf26
