304
0 0 0 0 1 99 G0
0 0 0 0 1 100 G1
0 0 0 0 1 93 G2
2 1 4 1 85 0 
2 1 4 1 102 0 
2 1 4 1 57 0 
2 1 4 1 87 0 
2 1 4 1 106 0 
2 1 4 1 59 0 
6 0 4 2 292 291 1 10 G29
10 0 0 1 9 10 291 279 273 193 135 118 114 111 61 60 G10
6 0 3 4 294 117 116 113 1 12 G30
10 0 0 1 11 12 272 258 252 219 216 151 144 119 115 63 46 45 G11
6 0 4 4 295 130 126 121 1 14 G34
10 0 0 1 13 12 271 259 255 232 220 217 184 162 120 68 52 51 G12
6 0 4 2 275 132 1 16 G39
10 0 0 1 15 11 276 260 256 233 221 181 177 112 77 49 48 G13
6 0 6 3 296 143 137 1 18 G44
10 0 0 1 17 13 300 288 265 253 250 228 197 183 169 167 163 74 73 G14
6 0 7 3 299 148 146 1 20 G56
10 0 0 1 19 1 55 G15
6 0 9 4 301 176 171 170 1 22 G86
10 0 0 1 21 2 66 65 G16
6 0 12 3 284 182 178 1 24 G92
10 0 0 1 23 3 269 71 70 G17
6 0 12 2 286 185 1 26 G98
10 0 0 1 25 3 225 83 82 G18
6 0 11 2 287 188 1 28 G102
10 0 0 1 27 3 245 165 164 G19
6 0 12 2 196 192 1 30 G107
10 0 0 1 29 3 240 237 236 G20
6 0 12 2 290 198 1 32 G113
10 0 0 1 31 2 104 103 G21
6 0 6 3 302 203 199 1 34 G119
10 0 0 1 33 4 281 202 91 90 G22
6 0 6 3 303 208 204 1 36 G125
10 0 0 1 35 3 207 97 96 G23
3 0 2 1 99 7 303 302 299 295 294 293 292 G130
3 0 4 1 293 3 274 109 108 G28
3 0 2 1 61 4 215 209 123 122 G38
3 0 2 1 49 3 298 213 212 G40
3 0 2 1 52 6 277 211 133 129 125 124 G45
3 0 2 1 46 5 278 210 134 128 127 G46
3 0 2 1 74 3 297 139 138 G50
3 0 2 1 97 2 141 140 G51
2 0 1 1 12 1 47 
2 0 1 1 12 1 42 
3 0 2 1 45 1 147 G54
2 0 1 1 16 1 50 
2 0 1 1 16 1 40 
3 0 2 1 48 1 145 G55
2 0 1 1 14 1 53 
2 0 1 1 14 1 41 
3 0 2 1 51 3 280 150 149 G59
3 0 2 1 91 2 153 152 G60
3 0 1 1 20 2 158 157 G64
3 0 2 1 66 1 57 I155
3 0 3 1 56 1 5 G66
3 0 2 1 71 1 59 I158
3 0 3 1 58 1 8 G67
2 0 1 1 10 1 62 
2 0 1 1 10 1 39 
3 0 2 1 60 1 248 G76
2 0 1 1 12 1 64 
3 0 2 1 63 3 263 231 230 G82
2 0 1 1 22 1 67 
2 0 1 1 22 1 56 
3 0 2 1 65 1 170 G87
2 0 1 1 14 1 69 
3 0 2 1 68 5 267 264 235 173 172 G91
2 0 1 1 24 1 72 
2 0 1 1 24 1 58 
3 0 2 1 70 1 178 G93
2 0 1 1 18 1 75 
2 0 1 1 18 1 43 
3 0 2 1 73 6 268 261 244 222 180 179 G96
3 0 2 1 83 1 185 G99
2 0 1 1 16 1 78 
3 0 2 1 77 8 249 243 239 227 224 186 175 174 G103
6 0 7 2 161 156 4 301 242 195 194 G112
3 0 9 1 195 6 289 285 283 247 190 189 G108
3 0 2 1 104 1 198 G114
2 0 1 1 26 1 84 
2 0 1 1 26 1 76 
3 0 2 1 82 1 85 I210
3 0 3 1 84 1 3 G117
3 0 2 1 165 1 87 I213
3 0 3 1 86 1 6 G118
3 0 2 1 93 2 201 200 G124
3 0 4 1 201 1 199 G120
2 0 1 1 34 1 92 
2 0 1 1 34 1 54 
3 0 2 1 90 1 199 G121
3 0 1 1 2 1 88 I221
3 0 2 1 100 2 206 205 G131
3 0 4 1 206 1 204 G126
2 0 1 1 36 1 98 
2 0 1 1 36 1 44 
3 0 2 1 96 1 204 G127
3 0 1 1 0 1 37 I229
3 0 1 1 1 1 94 I232
3 0 2 1 237 1 102 I235
3 0 3 1 101 1 4 G132
2 0 1 1 32 1 105 
2 0 1 1 32 1 81 
3 0 2 1 103 1 106 I238
3 0 3 1 105 1 7 G133
5 0 4 2 139 109 1 296 G26
2 0 5 1 38 1 110 
2 0 5 1 38 1 107 
5 0 4 2 108 141 1 296 G27
2 0 1 1 10 1 113 
2 0 1 1 16 1 113 
5 0 2 3 112 125 111 1 11 G31
2 0 1 1 10 1 116 
2 0 1 1 12 1 116 
5 0 2 2 115 114 1 11 G32
5 0 4 2 128 123 1 11 G33
2 0 1 1 10 1 121 
2 0 1 1 12 1 121 
2 0 1 1 14 1 121 
5 0 2 3 120 119 118 1 13 G35
2 0 3 1 39 1 126 
2 0 3 1 39 1 117 
2 0 3 1 41 1 126 
2 0 3 1 41 1 113 
5 0 4 2 124 122 1 13 G36
2 0 3 1 42 1 130 
2 0 3 1 42 1 117 
2 0 3 1 41 1 130 
5 0 4 2 129 127 1 13 G37
7 0 2 3 273 272 271 1 132 G41
5 0 3 2 131 213 1 15 G42
2 0 3 1 41 1 137 
2 0 3 1 42 1 137 
2 0 1 1 10 1 137 
6 0 4 2 298 297 1 137 G47
5 0 5 4 136 135 134 133 1 17 G48
2 0 3 1 43 1 143 
2 0 3 1 43 1 107 
2 0 3 1 44 1 143 
2 0 3 1 44 1 110 
7 0 2 4 279 278 277 276 1 143 G52
5 0 4 3 142 140 138 1 17 G49
2 0 1 1 12 1 146 
6 0 2 2 50 300 3 282 155 154 G61
5 0 4 4 155 153 144 150 1 19 G57
7 0 4 4 282 281 47 280 2 160 159 G65
5 0 6 2 160 158 1 19 G58
2 0 3 1 53 1 156 
2 0 3 1 53 1 146 
2 0 1 1 12 1 156 
2 0 3 1 54 1 156 
2 0 3 1 54 1 146 
2 0 3 1 145 1 156 
2 0 3 1 145 1 146 
5 0 4 4 154 152 151 149 1 79 G62
2 0 2 1 55 1 161 
2 0 2 1 55 1 148 
2 0 5 1 147 1 161 
2 0 5 1 147 1 148 
5 0 6 2 159 157 1 79 G63
2 0 1 1 14 1 166 
2 0 1 1 18 1 166 
2 0 1 1 28 1 166 
2 0 1 1 28 1 86 
5 0 2 3 164 163 162 1 187 G74
2 0 1 1 18 1 168 
5 0 2 3 167 173 231 1 187 G75
2 0 1 1 18 1 170 
5 0 3 2 67 169 1 21 G88
5 0 4 2 180 175 1 21 G89
2 0 3 1 69 1 176 
2 0 3 1 69 1 168 
2 0 3 1 78 1 176 
2 0 3 1 78 1 171 
5 0 4 2 174 172 1 21 G90
2 0 1 1 16 1 178 
5 0 3 2 177 72 1 23 G94
2 0 3 1 75 1 182 
2 0 3 1 75 1 171 
2 0 1 1 16 1 182 
5 0 4 2 181 179 1 23 G95
2 0 1 1 18 1 185 
2 0 1 1 14 1 185 
5 0 3 3 184 183 76 1 25 G100
2 0 3 1 78 1 188 
6 0 3 2 168 166 1 188 G104
5 0 9 3 187 190 186 1 27 G105
2 0 10 1 80 1 192 
2 0 10 1 80 1 188 
7 0 3 4 288 241 238 234 1 192 G109
5 0 11 2 191 189 1 29 G110
2 0 1 1 10 1 196 
2 0 8 1 79 1 196 
2 0 8 1 79 1 80 
5 0 9 2 194 193 1 29 G111
2 0 1 1 18 1 198 
5 0 3 2 197 81 1 31 G115
5 0 5 2 92 89 1 33 G122
2 0 3 1 88 1 203 
2 0 3 1 88 1 89 
2 0 1 1 34 1 203 
5 0 4 2 202 200 1 33 G123
5 0 5 2 98 95 1 35 G128
2 0 3 1 94 1 208 
2 0 3 1 94 1 95 
2 0 1 1 36 1 208 
5 0 4 2 207 205 1 35 G129
2 0 3 1 39 1 214 
2 0 3 1 42 1 214 
2 0 3 1 41 1 214 
2 0 3 1 40 1 214 
2 0 3 1 40 1 132 
4 0 4 4 212 211 210 209 1 275 G24
2 0 3 1 39 1 218 
2 0 1 1 12 1 218 
2 0 1 1 14 1 218 
4 0 2 3 217 216 215 1 275 G25
2 0 1 1 12 1 223 
2 0 1 1 14 1 223 
2 0 1 1 16 1 223 
2 0 3 1 75 1 223 
4 0 4 4 222 221 220 219 1 286 G68
2 0 3 1 78 1 226 
2 0 1 1 26 1 226 
4 0 2 2 225 224 1 286 G69
2 0 3 1 78 1 229 
2 0 1 1 18 1 229 
4 0 2 2 228 227 1 286 G70
2 0 3 1 64 1 234 
2 0 3 1 64 1 168 
2 0 1 1 14 1 234 
2 0 1 1 16 1 234 
4 0 2 3 233 232 230 1 191 G71
2 0 3 1 69 1 238 
2 0 1 1 30 1 238 
2 0 1 1 30 1 101 
4 0 2 2 236 235 1 191 G72
2 0 3 1 78 1 241 
2 0 1 1 30 1 241 
4 0 2 2 240 239 1 191 G73
2 0 8 1 79 1 246 
2 0 3 1 78 1 246 
2 0 3 1 75 1 246 
2 0 1 1 28 1 246 
4 0 9 4 245 244 243 242 1 287 G77
2 0 10 1 80 1 248 
4 0 11 2 62 247 1 287 G78
2 0 3 1 78 1 251 
2 0 1 1 18 1 251 
4 0 2 2 250 249 1 290 G79
2 0 1 1 12 1 254 
2 0 1 1 18 1 254 
4 0 2 2 253 252 1 290 G80
2 0 1 1 14 1 257 
2 0 1 1 16 1 257 
4 0 2 2 256 255 1 290 G81
2 0 1 1 12 1 262 
2 0 1 1 14 1 262 
2 0 1 1 16 1 262 
2 0 3 1 75 1 262 
4 0 4 4 261 260 259 258 1 284 G83
2 0 3 1 64 1 266 
2 0 3 1 69 1 266 
2 0 1 1 18 1 266 
4 0 2 3 265 264 263 1 284 G84
2 0 3 1 69 1 270 
2 0 3 1 75 1 270 
2 0 1 1 24 1 270 
4 0 4 3 269 268 267 1 284 G85
2 0 1 1 14 1 131 
2 0 1 1 12 1 131 
2 0 1 1 10 1 131 
2 0 5 1 38 1 275 
7 0 3 3 274 218 214 1 15 G43
2 0 1 1 16 1 142 
2 0 3 1 41 1 142 
2 0 3 1 42 1 142 
2 0 1 1 10 1 142 
2 0 3 1 53 1 147 
2 0 1 1 34 1 147 
2 0 3 1 145 1 147 
2 0 10 1 80 1 284 
7 0 11 4 283 270 266 262 1 23 G97
2 0 10 1 80 1 286 
7 0 11 4 285 229 226 223 1 25 G101
7 0 10 2 248 246 1 27 G106
2 0 1 1 18 1 191 
2 0 10 1 80 1 290 
7 0 11 4 289 257 254 251 1 31 G116
2 0 1 1 10 1 9 
2 0 3 1 37 1 9 
2 0 3 1 37 1 38 
2 0 3 1 37 1 11 
2 0 3 1 37 1 13 
6 0 5 2 110 107 1 17 G53
2 0 3 1 43 1 136 
2 0 3 1 40 1 136 
2 0 3 1 37 1 19 
2 0 1 1 18 1 145 
2 0 8 1 79 1 21 
2 0 3 1 37 1 33 
2 0 3 1 37 1 35 
